lst_05: [(5351, np.float64(0.5099494805840539)), (6870, np.float64(0.5220322379481561)), (1196, np.float64(0.5442639204155653)), (449, np.float64(0.5094277742403186)), (4090, np.float64(0.5749316474398086)), (5197, np.float64(0.5010702945745908)), (8898, np.float64(0.5471785366853764)), (2894, np.float64(0.5245300324327967)), (6044, np.float64(0.5027417292798426)), (4599, np.float64(0.5302495214740669))]
lst_04: [(3424, np.float64(0.4646083836911724)), (354, np.float64(0.474258798719971)), (3702, np.float64(0.43122093714898474)), (8770, np.float64(0.4090360932337803)), (5217, np.float64(0.41269279202095166)), (3836, np.float64(0.42630910675597666)), (606, np.float64(0.4165789681477927)), (1608, np.float64(0.45298504741069906)), (8506, np.float64(0.41401101018052294)), (2701, np.float64(0.455594248855488))]
lst_03: [(4429, np.float64(0.34220000057771327)), (2099, np.float64(0.3156444890647067)), (6649, np.float64(0.3907707606712369)), (8298, np.float64(0.3858671791464225)), (8124, np.float64(0.329119628567329)), (5908, np.float64(0.32726660905696087)), (8334, np.float64(0.3825540059910793)), (5004, np.float64(0.32701435447993726)), (5096, np.float64(0.3062348569583778)), (3275, np.float64(0.39843405751837296))]
lst_02: [(5596, np.float64(0.21203100483279574)), (8136, np.float64(0.22066716026904382)), (3267, np.float64(0.2244825075753211)), (497, np.float64(0.22481163065932266)), (8785, np.float64(0.2501219457564267)), (5699, np.float64(0.26039381072667567)), (4613, np.float64(0.2928218838614808)), (4606, np.float64(0.25812806951194744)), (9419, np.float64(0.23454200559237115)), (8297, np.float64(0.25003424679558406))]
lst_01: [(4389, np.float64(0.13096120963719915)), (6424, np.float64(0.18007067163538854)), (9188, np.float64(0.12615327012639885)), (5901, np.float64(0.1034272294581169)), (2662, np.float64(0.1827809833906805)), (8540, np.float64(0.1903003571444488)), (650, np.float64(0.11496416166824164)), (8539, np.float64(0.17485399659096823)), (7884, np.float64(0.12155877980876856)), (9849, np.float64(0.1866825253765975))]
lst_00: [(9669, np.float64(-0.2246819004915137)), (2009, np.float64(-0.23054399664658837)), (3716, np.float64(-0.27286933101494293)), (3807, np.float64(-0.34389883254423964)), (6372, np.float64(-0.025165524748341793)), (7998, np.float64(0.07942076015803973)), (2035, np.float64(0.05175659730639573)), (1804, np.float64(0.02069067922848928)), (6584, np.float64(-0.12476635605129889)), (6264, np.float64(-0.22066350812501961))]
